154.18289
116.90042
82.13889
108.00514
106.60534
44.19253
85.23362
58.46447
127.35488
219.61868
306.24446
215.68597
194.48972
220.36116
246.82685
247.99740
240.45438
242.66318
285.92261
382.25729
347.25636
299.80872
243.04796
204.08683
171.12040
148.76088
129.82510
101.39991
102.87377
85.32465
92.61322
98.38939
130.71430
213.90830
291.14932
204.17090
185.08228
218.81422
252.59895
250.75641
237.34574
241.19696
284.18302
377.40027
347.82551
289.80166
241.08376
200.24660
173.71079
139.26383
123.53399
109.21644
97.70488
86.92793
94.88003
98.46291
130.63844
208.57929
292.64683
212.92013
198.34916
226.55980
255.71319
261.47421
252.94012
255.53667
289.82200
388.45912
352.90358
301.12328
242.75575
197.87527
154.21102
125.99595
111.32555
90.06683
85.14285
74.22877
74.36647
85.52106
100.78614
197.43438
284.53742
187.67545
155.01045
203.99587
251.49586
249.91508
254.54701
251.87274
284.21953
380.30022
361.14643
302.35016
234.24962
176.34313
146.59426
120.25744
113.08731
82.52724
76.65558
64.69685
66.96632
84.97081
115.01182
198.14679
283.29461
191.79221
188.05403
212.22155
255.48579
249.75091
248.12992
255.03371
292.86982
398.18070
350.64111
296.33855
243.49772
200.52749
173.53124
144.97734
125.68086
56.60512
75.93045
66.39342
72.42215
76.18881
107.70186
191.67984
277.64298
183.48345
156.11118
178.69952
213.23079
217.66020
209.30121
204.04631
246.96341
352.86654
281.74869
255.16540
211.44135
157.29143
149.77256
106.18223
93.25184
81.09265
67.71737
56.14867
17.80984
76.01339
99.29546
180.17262
272.36378
180.57237
152.27211
176.16057
202.34038
199.69705
191.58879
193.61526
193.51091
332.96266
295.94955
258.02895
196.38087
157.02798
131.45012
69.18659
94.52294
80.56725
83.73326
71.52802
84.24127
78.51338
102.12408
185.54787
268.67856
186.50310
175.40966
220.78135
227.26724
272.76500
256.08447
262.40481
306.54542
398.63795
362.54459
315.76393
251.12327
212.16069
182.19803
155.25040
117.49961
97.30523
91.18798
67.23889
73.80354
79.17565
109.27877
196.14364
262.89052
187.83861
170.32363
222.38438
246.42713
252.18683
243.38515
247.49911
290.89047
392.06050
355.65392
308.64629
240.32163
194.25722
166.13982
130.79441
115.72792
93.09248
88.68663
72.63014
81.27576
85.16803
121.25344
198.58269
283.15854
188.56237
168.31498
205.62678
238.45293
230.54975
227.84317
222.83799
271.78646
359.36692
317.08154
235.38490
170.85432
132.56847
92.33546
78.58629
-23.14768
-35.70915
-44.68342
-53.19238
9.81952
5.06066
58.38131
129.86949
213.83670
138.52929
113.55998
136.52646
165.46978
162.78300
155.92037
149.57446
195.68468
275.85180
240.20435
209.17298
156.62762
118.92140
87.95584
62.32145
50.76532
33.96869
31.13156
16.23885
20.39515
26.16217
62.53793
144.10400
229.44967
129.00231
100.76204
134.75176
169.86974
168.32378
160.93909
167.36462
200.00089
300.95483
260.11699
204.31652
144.88723
103.17555
76.38208
50.67803
40.02738
22.39039
12.52483
3.51309
13.85467
12.29837
26.32871
106.17359
180.05613
106.27051
75.06225
114.75674
157.62418
161.24758
166.64013
163.28680
206.89977
292.55517
259.38574
213.52085
123.39420
77.90941
65.11602
38.69503
8.28441
-6.06282
-18.39009
-26.95617
-24.71009
12.45825
97.49247
181.16025
97.21643
71.58753
101.17697
133.15814
59.17210
44.28847
46.08806
89.15172
184.67405
148.57717
138.02245
47.13062
10.32429
23.94825
-37.99980
-52.74362
-21.97829
-26.16772
-33.24695
-36.65359
-5.78143
68.78251
156.45724
66.47703
51.45731
84.07405
107.36490
147.62998
143.01255
137.62955
179.09674
271.61772
224.89705
176.51578
120.37469
82.62721
50.83083
31.65174
22.77746
5.52211
1.08336
-15.33165
-10.16503
-5.27851
24.84805
43.41573
124.52301
34.78167
7.89321
31.69142
56.00919
52.69081
39.56439
50.41450
91.98507
189.62114
155.45491
116.80892
56.26193
63.77444
-9.34535
-27.13632
-43.00010
-64.86446
-24.75662
-36.89177
-28.41135
-17.58147
21.28540
98.24945
190.13854
105.01735
84.49668
106.93843
142.59518
139.80050
121.34329
120.32936
165.95900
272.38999
223.42564
178.01355
120.00038
83.84794
59.78509
33.71843
29.32883
10.75387
7.75512
0.06023
6.71329
9.94275
34.41485
111.93705
201.03896
110.55115
89.60077
119.00168
149.70621
146.12672
139.07290
137.58102
182.84494
268.27460
233.11286
178.59907
122.59006
80.68438
56.00563
36.59665
16.85529
-2.02752
-2.01205
-17.32591
-9.62624
-6.70218
31.61715
108.99155
177.05867
85.39248
23.69515
26.53750
38.94351
38.87657
88.21985
86.75556
152.43391
249.47781
228.89229
191.46416
143.36537
105.14684
72.23399
43.15390
28.31293
19.59485
14.10792
5.53565
10.78225
23.92360
50.63762
125.90205
214.62756
121.06605
110.28375
132.14348
166.19719
166.90805
157.83511
153.77970
197.77805
297.65300
253.90948
193.65076
144.49819
98.60450
67.97840
47.56021
21.38203
7.09251
-3.44404
-12.68036
-20.97338
-8.76130
22.34561
100.65982
174.26597
92.74425
62.52330
97.71331
130.12980
142.70741
136.26206
136.37981
173.97399
278.51835
242.96319
180.36750
125.19275
87.58610
66.29236
30.61005
